2 3
12   25   45
56   98   23

3 4
1 1 7  7
4 6 1 -2
1 1 0  2

1 1
1 

3 3
-99  23 -87
 56  12  65
-44  78  10

8 8
 37  -9  23 -21 -32 -23   6 -58
 12 -13  17 -33  34  44 -17 -13
-18  47 -36  11  -3 -29  22  16
  5  24 -35   0   6 -27  34  17
-15 -32  12  -2  11  38 -22  10
 26 -11  11 -22 -28  20 -12 -44
 23 -19   5  -9   7 -16  25  20
-20  53 -10  76   5 -20   4 102

5 3
  5   4 109   
 44   7 -88   
 11  17  13  
-16  17  18  
 31  22  23  

2 3
-99  23 -87
 56  12  65

4 4
-45 -76  99 -32
 67 -23  11  88
 21  33 -56 -10
-12  45  23  78

7 3 
 10 42   3 
  0 12  92
  1 -5 -45
 30  2  -9 
-20  9  35
 20 11 -10
  5 12 -20

4 3 
-4298 -9999  300
 7901    55 3214
   34     0  -50
  327  8634  500





